docker run 


check curl -X POST http://127.0.0.1:8000/api/model/cardiac/predict -H "Content-Type: application/json" -d "{}"

C:\Users\DELL > cd "D:\Vibe Coding\TwinPacemaker\IOMT"
D:\Vibe Coding\TwinPacemaker\IOMT > python main_ai_app.py

REAL PROTOTYPE
C:\Users\DELL > cd "D:\Vibe Coding\TwinPacemaker"
D:\Vibe Coding\TwinPacemaker> python -m uvicorn backend.main:app --host 0.0.0.0 --port 8000

IN CHROME
http://127.0.0.1:8000/static/model-prototype.html


MODERATE RISK CARDIAC
0.5000, 0.5551, 0.6090, 0.6607, 0.7089, 0.7526, 0.7907, 0.8223, 0.8467, 0.8632, 0.8716, 0.8716, 0.8632, 0.8467, 0.8223, 0.7907, 0.7526, 0.7089, 0.6607, 0.6090, 0.5551, 0.5000, 0.4449, 0.3910, 0.3393, 0.2911, 0.2474, 0.2093, 0.1777, 0.1533, 0.1368, 0.1284, 0.1284, 0.1368, 0.1533, 0.1777, 0.2093, 0.2474, 0.2911, 0.3393, 0.3910, 0.4449, 0.5000, 0.5551, 0.6090, 0.6607, 0.7089, 0.7526, 0.7907, 0.8223, 0.8467, 0.8632, 0.8716, 0.8716, 0.8632, 0.8467, 0.8223, 0.7907, 0.7526, 0.7089, 0.6607, 0.6090, 0.5551, 0.5000, 0.4449, 0.3910, 0.3393, 0.2911, 0.2474, 0.2093, 0.1777, 0.1533, 0.1368, 0.1284, 0.1284, 0.1368, 0.1533, 0.1777, 0.2093, 0.2474, 0.2911, 0.3393, 0.3910, 0.4449, 0.5000, 0.5551, 0.6090, 0.6607, 0.7089, 0.7526, 0.7907, 0.8223, 0.8467, 0.8632, 0.8716, 0.8716, 0.8632, 0.8467, 0.8223, 0.7907, 0.7526, 0.7089, 0.6607, 0.6090, 0.5551, 0.5000, 0.4449, 0.3910, 0.3393, 0.2911, 0.2474, 0.2093, 0.1777, 0.1533, 0.1368, 0.1284, 0.1284, 0.1368, 0.1533, 0.1777, 0.2093, 0.2474, 0.2911, 0.3393, 0.3910, 0.4449, 0.5000, 0.5551, 0.6090, 0.6607, 0.7089, 0.7526, 0.7907, 0.8223, 0.8467, 0.8632, 0.8716, 0.8716, 0.8632, 0.8467, 0.8223, 0.7907, 0.7526, 0.7089, 0.6607, 0.6090, 0.5551, 0.5000, 0.4449, 0.3910, 0.3393, 0.2911, 0.2474, 0.2093, 0.1777, 0.1533, 0.1368, 0.1284, 0.1284, 0.1368, 0.1533, 0.1777, 0.2093, 0.2474, 0.2911, 0.3393, 0.3910, 0.4449, 0.5000, 0.5551, 0.6090, 0.6607, 0.7089, 0.7526, 0.7907, 0.8223, 0.8467, 0.8632, 0.8716, 0.8716, 0.8632, 0.8467, 0.8223, 0.7907, 0.7526, 0.7089, 0.6607, 0.6090, 0.5551, 0.5000, 0.4449, 0.3910, 0.3393, 0.2911, 0.2474, 0.2093, 0.1777, 0.1533, 0.1368, 0.1284

HIGH RISK CARDIAC
0.0, 0.0, 0.0, 0.0, 0.0, 0.05, 0.1, 0.0, -0.1, 0.9, 0.0, -0.2, 0.1, 0.0, 0.0, 0.0, 0.0, 0.0, 0.0, 0.0, 0.0, 0.0, 0.0, 0.0, 0.05, 0.1, 0.0, -0.1, 0.9, 0.0, -0.2, 0.1, 0.0, 0.0, 0.0, 0.0, 0.0, 0.0, 0.0, 0.0, 0.0, 0.0, 0.0, 0.05, 0.1, 0.0, -0.1, 0.9, 0.0, -0.2, 0.1, 0.0, 0.0, 0.0, 0.0, 0.0, 0.0, 0.0, 0.0, 0.0, 0.0, 0.0, 0.05, 0.1, 0.0, -0.1, 0.9, 0.0, -0.2, 0.1, 0.0, 0.0, 0.0, 0.0, 0.0, 0.0, 0.0, 0.0, 0.0, 0.0, 0.0, 0.05, 0.1, 0.0, -0.1, 0.9, 0.0, -0.2, 0.1, 0.0, 0.0, 0.0, 0.0, 0.0, 0.0, 0.0, 0.0, 0.0, 0.0, 0.0, 0.05, 0.1, 0.0, -0.1, 0.9, 0.0, -0.2, 0.1, 0.0, 0.0, 0.0, 0.0, 0.0, 0.0, 0.0, 0.0, 0.0, 0.0, 0.0, 0.05, 0.1, 0.0, -0.1, 0.9, 0.0, -0.2, 0.1, 0.0, 0.0, 0.0, 0.0, 0.0, 0.0, 0.0, 0.0, 0.0, 0.0, 0.0, 0.05, 0.1, 0.0, -0.1, 0.9, 0.0, -0.2, 0.1, 0.0, 0.0, 0.0, 0.0, 0.0, 0.0, 0.0, 0.0, 0.0, 0.0, 0.0, 0.05, 0.1, 0.0, -0.1, 0.9, 0.0, -0.2, 0.1, 0.0, 0.0, 0.0, 0.0, 0.0, 0.0, 0.0, 0.0, 0.0, 0.0, 0.0, 0.05, 0.1, 0.0, -0.1, 0.9, 0.0, -0.2, 0.1, 0.0, 0.0, 0.0, 0.0, 0.0, 0.0, 0.0, 0.0, 0.0, 0.0, 0.0, 0.05, 0.1, 0.0, -0.1, 0.9, 0.0, -0.2, 0.1, 0.0, 0.0, 0.0, 0.0, 0.0, 0.0, 0.0, 0.0, 0.0, 0.0, 0.0

LOW RISK CARDIAC
0.50, 0.55, 0.60, 0.65, 0.70, 0.75, 0.80, 0.85, 0.90, 0.85, 0.80, 0.75, 0.70, 0.65, 0.60, 0.55, 0.50, 0.45, 0.40, 0.35, 0.30, 0.25, 0.20, 0.15, 0.10, 0.15, 0.20, 0.25, 0.30, 0.35, 0.40, 0.45, 0.50, 0.55, 0.60, 0.65, 0.70, 0.75, 0.80, 0.85, 0.90, 0.85, 0.80, 0.75, 0.70, 0.65, 0.60, 0.55, 0.50, 0.45, 0.40, 0.35, 0.30, 0.25, 0.20, 0.15, 0.10, 0.15, 0.20, 0.25, 0.30, 0.35, 0.40, 0.45, 0.50, 0.55, 0.60, 0.65, 0.70, 0.75, 0.80, 0.85, 0.90, 0.85, 0.80, 0.75, 0.70, 0.65, 0.60, 0.55, 0.50, 0.45, 0.40, 0.35, 0.30, 0.25, 0.20, 0.15, 0.10, 0.15, 0.20, 0.25, 0.30, 0.35, 0.40, 0.45, 0.50, 0.55, 0.60, 0.65, 0.70, 0.75, 0.80, 0.85, 0.90, 0.85, 0.80, 0.75, 0.70, 0.65, 0.60, 0.55, 0.50, 0.45, 0.40, 0.35, 0.30, 0.25, 0.20, 0.15, 0.10, 0.15, 0.20, 0.25, 0.30, 0.35, 0.40, 0.45, 0.50, 0.55, 0.60, 0.65, 0.70, 0.75, 0.80, 0.85, 0.90, 0.85, 0.80, 0.75, 0.70, 0.65, 0.60, 0.55, 0.50, 0.45, 0.40, 0.35, 0.30, 0.25, 0.20, 0.15, 0.10, 0.15, 0.20, 0.25, 0.30, 0.35, 0.40, 0.45, 0.50, 0.55, 0.60, 0.65, 0.70, 0.75, 0.80, 0.85, 0.90, 0.85, 0.80, 0.75, 0.70, 0.65, 0.60, 0.55, 0.50, 0.45, 0.40, 0.35, 0.30, 0.25, 0.20, 0.15, 0.10, 0.15, 0.20, 0.25, 0.30, 0.35, 0.40, 0.45, 0.50, 0.55, 0.60, 0.65, 0.70, 0.75, 0.80, 0.85, 0.90, 0.85, 0.80, 0.75, 0.70, 0.65, 0.60, 0.55, 0.50, 0.45, 0.40, 0.35, 0.30, 0.25, 0.20, 0.15, 0.10

battry 1 year
[[3.85, 0.5, 1.8, 36.5], [3.85, 0.5, 1.8, 36.5], [3.85, 0.5, 1.8, 36.6], [3.85, 0.5, 1.8, 36.6], [3.85, 0.5, 1.8, 36.7], [3.85, 0.5, 1.8, 36.7], [3.85, 0.5, 1.8, 36.8], [3.85, 0.5, 1.8, 36.8], [3.85, 0.5, 1.8, 36.9], [3.85, 0.5, 1.8, 36.9], [3.85, 0.5, 1.8, 37.0], [3.85, 0.5, 1.8, 37.0], [3.85, 0.5, 1.8, 37.0], [3.85, 0.5, 1.8, 37.1], [3.85, 0.5, 1.8, 37.1], [3.85, 0.5, 1.8, 37.1], [3.85, 0.5, 1.8, 37.2], [3.85, 0.5, 1.8, 37.2], [3.85, 0.5, 1.8, 37.2], [3.85, 0.5, 1.8, 37.3], [3.85, 0.5, 1.8, 37.3], [3.85, 0.5, 1.8, 37.3], [3.85, 0.5, 1.8, 37.4], [3.85, 0.5, 1.8, 37.4], [3.85, 0.5, 1.8, 37.4], [3.85, 0.5, 1.8, 37.5], [3.85, 0.5, 1.8, 37.5], [3.85, 0.5, 1.8, 37.5], [3.85, 0.5, 1.8, 37.6], [3.85, 0.5, 1.8, 37.6]]

cd doctor_dashboard
npm run dev